tweet_id,favorites,retweet_count
892420643555336193,35502,7497
892177421306343426,30727,5564
891815181378084864,23105,3684
891689557279858688,38796,7679
891327558926688256,37060,8284
891087950875897856,18686,2774
890971913173991426,10859,1800
890729181411237888,59849,16796
890609185150312448,25704,3825
890240255349198849,29361,6520
890006608113172480,28274,6523
889880896479866881,25733,4440
889665388333682689,44226,8902
889638837579907072,24869,3978
889531135344209921,13980,2010
889278841981685760,23208,4743
888917238123831296,26823,3994
888804989199671297,23544,3768
888554962724278272,18164,3077
888078434458587136,20067,3089
887705289381826560,27895,4801
887517139158093824,42726,10487
887473957103951883,63287,16009
887343217045368832,31031,9367
887101392804085760,28234,5313
886983233522544640,32088,6811
886736880519319552,11012,2837
886680336477933568,20733,3987
886366144734445568,19468,2816
886267009285017600,110,4
886258384151887873,25780,5632
886054160059072513,0,97
885984800019947520,29996,5981
885528943205470208,33103,5693
885518971528720385,18871,3315
885311592912609280,0,16465
885167619883638784,20155,3884
884925521741709313,70924,16063
884876753390489601,25610,4961
884562892145688576,22392,4187
884441805382717440,24964,5078
884247878851493888,66776,18067
884162670584377345,18812,2662
883838122936631299,20116,3043
883482846933004288,42217,8798
883360690899218434,20889,3282
883117836046086144,34144,5919
882992080364220416,22002,3456
882762694511734784,26025,4348
882627270321602560,25811,5408
882268110199369728,41279,10315
882045870035918850,27013,4335
881906580714921986,22446,3029
881666595344535552,46685,9510
881633300179243008,116,7
881536004380872706,45577,14249
881268444196462592,21451,4713
880935762899988482,15766,2494
880872448815771648,19623,3415
880465832366813184,26221,5532
880221127280381952,24846,3704
880095782870896641,25465,3877
879862464715927552,20634,3105
879674319642796034,292,10
879492040517615616,21658,2837
879415818425184262,97519,39752
879376492567855104,15528,2793
879130579576475649,0,6071
879050749262655488,20810,4190
879008229531029506,17546,2389
878776093423087618,17872,3650
878604707211726852,27759,6307
878404777348136964,0,1136
878316110768087041,0,5928
878281511006478336,7131,1136
878057613040115712,38860,6071
877736472329191424,73057,16899
877611172832227328,0,71
877556246731214848,20956,3402
877316821321428993,25339,4656
877201837425926144,25028,4968
876838120628539392,19116,2980
876537666061221889,21924,4200
876484053909872640,17359,2114
876120275196170240,25866,4170
875747767867523072,23194,3821
875144289856114688,20288,4392
875097192612077568,25387,5450
875021211251597312,23598,4221
874680097055178752,25739,4155
874434818259525634,0,13010
874296783580663808,24100,3704
874057562936811520,21041,3569
874012996292530176,31672,9160
873580283840344065,22438,3543
873337748698140672,0,1419
873213775632977920,6630,1419
872967104147763200,25246,4867
872820683541237760,13656,3346
872620804844003328,19223,3276
872486979161796608,37807,8143
872122724285648897,31778,7291
871879754684805121,34834,9850
871762521631449091,18765,3142
871515927908634625,18740,3130
871166179821445120,0,5154
871102520638267392,19441,4979
871032628920680449,21151,3441
870804317367881728,31297,5600
870726314365509632,113,3
870656317836468226,11479,2367
870374049280663552,77310,24061
870308999962521604,20411,3758
870063196459192321,34005,7525
869772420881756160,39691,9187
869702957897576449,26300,5708
869596645499047938,14882,2822
869227993411051520,19042,3423
868880397819494401,60935,13089
868639477480148993,0,1877
868622495443632128,24841,4803
868552278524837888,9400,1877
867900495410671616,22614,3811
867774946302451713,31734,6679
867421006826221569,15035,2271
867072653475098625,0,109
867051520902168576,30116,7202
866720684873056260,18710,4376
866686824827068416,18002,3170
866450705531457537,114359,32204
866334964761202691,48953,13010
866094527597207552,0,7668
865718153858494464,24060,5151
865359393868664832,24788,4574
865006731092295680,26268,7065
864873206498414592,30235,7957
864279568663928832,13685,2761
864197398364647424,28107,8093
863907417377173506,19330,3800
863553081350529029,14328,3850
863471782782697472,0,2223
863432100342583297,22323,4813
863427515083354112,2067,89
863079547188785154,8243,1023
863062471531167744,7930,2223
862831371563274240,18018,4733
862722525377298433,16086,3264
862457590147678208,19191,4528
862096992088072192,69739,21346
861383897657036800,33960,9869
861288531465048066,16156,3818
861005113778896900,15722,3530
860981674716409858,0,1980
860924035999428608,0,735
860563773140209665,7061,1980
860524505164394496,22301,4908
860276583193509888,17364,3253
860184849394610176,15720,5415
860177593139703809,0,28625
859924526012018688,18525,3814
859851578198683649,14586,3274
859607811541651456,17610,1443
859196978902773760,84923,27983
859074603037188101,31964,12677
858860390427611136,0,7541
858843525470990336,14785,3237
858471635011153920,20399,4525
858107933456039936,14939,2694
857989990357356544,15235,2418
857746408056729600,32486,9932
857393404942143489,5593,1534
857263160327368704,19080,4234
857214891891077121,214,17
857062103051644929,0,157
857029823797047296,17925,3724
856543823941562368,15569,2700
856526610513747968,11307,1767
856330835276025856,0,627
856288084350160898,491,15
856282028240666624,26424,5897
855862651834028034,320,23
855860136149123072,4671,918
855857698524602368,11323,1981
855851453814013952,43730,17018
855818117272018944,25459,5112
855459453768019968,28438,7749
855245323840757760,0,5605
855138241867124737,0,43
854732716440526848,21749,5725
854482394044301312,27982,6457
854365224396361728,18090,4439
854120357044912130,30647,7052
854010172552949760,15573,2987
853760880890318849,27413,5455
853639147608842240,33259,9482
853299958564483072,14880,3375
852936405516943360,0,1884
852912242202992640,8660,1713
852672615818899456,14358,2055
852553447878664193,15668,3303
852311364735569921,31912,9474
852226086759018497,19273,6531
852189679701164033,11052,1516
851861385021730816,0,19
851591660324737024,15708,3308
851464819735769094,23406,6747
851224888060895234,19984,5488
850753642995093505,29713,8688
850380195714523136,12667,2489
850333567704068097,3346,315
850145622816686080,15801,3627
850019790995546112,19763,4665
849776966551130114,29401,7264
849668094696017920,0,4755
849412302885593088,15377,3020
849336543269576704,11072,1816
849051919805034497,41041,8122
848690551926992896,24432,4160
848324959059550208,23972,4451
848213670039564288,7926,693
848212111729840128,15840,2906
847978865427394560,0,3140
847971574464610304,0,420
847962785489326080,22850,4880
847842811428974592,5266,1271
847617282490613760,6784,396
847606175596138505,18257,3301
847251039262605312,19951,4166
847157206088847362,19332,5646
847116187444137987,20886,3069
846874817362120707,19529,3780
846514051647705089,43354,11115
846505985330044928,13736,2956
846153765933735936,30709,8700
846139713627017216,30231,9708
846042936437604353,15554,2764
845812042753855489,28445,8376
845677943972139009,24574,4641
845397057150107648,7428,1727
845306882940190720,22736,5200
845098359547420673,0,7407
844979544864018432,13304,2461
844973813909606400,14668,3068
844580511645339650,16058,3014
844223788422217728,13348,2115
843981021012017153,14818,2858
843856843873095681,20946,4473
843604394117681152,16494,2653
843235543001513987,21015,5828
842846295480000512,14956,3517
842765311967449089,6570,1231
842535590457499648,17718,3404
842163532590374912,23907,5605
842115215311396866,13664,2931
841833993020538882,0,14586
841680585030541313,25215,7592
841439858740625411,12371,3565
841320156043304961,19379,5346
841314665196081154,15520,4511
841077006473256960,22375,5154
840761248237133825,0,1713
840728873075638272,0,15608
840698636975636481,172,2
840696689258311684,12037,946
840632337062862849,8816,1713
840370681858686976,16115,4428
840268004936019968,18873,5562
839990271299457024,13175,2213
839549326359670784,26927,7541
839290600511926273,0,140
839239871831150596,26593,6359
838952994649550848,19302,3891
838921590096166913,10926,1996
838916489579200512,0,33
838831947270979586,0,10725
838561493054533637,10765,1299
838476387338051585,22064,4650
838201503651401729,0,9788
838150277551247360,1640,324
838085839343206401,138,1
838083903487373313,17325,3046
837820167694528512,33461,7668
837482249356513284,3800,435
837471256429613056,12579,2219
837110210464448512,15773,2310
836989968035819520,12545,2250
836753516572119041,19041,4544
836677758902222849,12433,2180
836648853927522308,0,541
836397794269200385,0,26886
836380477523124226,14533,2926
836260088725786625,20980,4215
836001077879255040,18787,4169
835685285446955009,0,7960
835574547218894849,17517,3542
835536468978302976,0,1655
835309094223372289,0,20480
835297930240217089,16223,2939
835264098648616962,7606,1655
835246439529840640,2062,72
835172783151792128,25781,5645
835152434251116546,22038,2939
834931633769889797,10638,1597
834786237630337024,21104,5395
834574053763584002,13448,2471
834477809192075265,0,10431
834458053273591808,9492,1642
834209720923721728,20273,4645
834167344700198914,15602,3587
834089966724603904,9896,2093
834086379323871233,12873,2166
833863086058651648,13249,2363
833826103416520705,17835,3704
833732339549220864,0,219
833722901757046785,20549,3163
833479644947025920,14668,2008
833124694597443584,19927,4755
832998151111966721,13069,2155
832769181346996225,0,39
832757312314028032,16655,3549
832682457690300417,11716,2859
832645525019123713,2889,523
832636094638288896,15650,2733
832397543355072512,11812,2169
832369877331693569,16957,3140
832273440279240704,11199,2292
832215909146226688,0,6100
832215726631055365,0,9155
832088576586297345,62,2
832040443403784192,0,9435
832032802820481025,17632,4580
831939777352105988,23682,6025
831926988323639298,332,34
831911600680497154,27229,6377
831670449226514432,10298,1781
831650051525054464,7032,1884
831552930092285952,8863,2280
831322785565769729,9175,1530
831315979191906304,6463,1107
831309418084069378,11618,2422
831262627380748289,11755,2006
830956169170665475,7887,1469
830583320585068544,65979,16465
830173239259324417,0,5593
830097400375152640,9671,2885
829878982036299777,0,4920
829861396166877184,12112,1911
829501995190984704,31374,10431
829449946868879360,10360,1978
829141528400556032,24114,7210
829011960981237760,52637,16067
828801551087042563,0,3372
828770345708580865,25319,5758
828708714936930305,36091,10998
828650029636317184,9406,1316
828409743546925057,6291,1150
828408677031882754,7602,1269
828381636999917570,12463,2186
828376505180889089,7299,1052
828372645993398273,12452,2890
828361771580813312,2166,172
828046555563323392,11633,2833
828011680017821696,10249,2122
827933404142436356,19891,5161
827653905312006145,15351,2981
827600520311402496,7397,930
827324948884643840,15692,2997
827199976799354881,10484,2194
826958653328592898,21365,4920
826848821049180160,35958,10006
826615380357632002,0,3936
826598799820865537,5079,247
826598365270007810,9936,2310
826476773533745153,18237,4129
826240494070030336,13157,2572
826204788643753985,4832,910
826115272272650244,15510,3059
825876512159186944,10385,1843
825829644528148480,12639,2459
825535076884762624,56412,17342
825147591692263424,18149,4485
825120256414846976,0,1238
825026590719483904,6240,1238
824796380199809024,0,5438
824775126675836928,14786,3467
824663926340194305,10441,1755
824325613288833024,11735,10436
824297048279236611,14942,3813
824025158776213504,4788,593
823939628516474880,10547,2673
823719002937630720,0,11043
823699002998870016,13866,2492
823581115634085888,12921,2598
823333489516937216,696,23
823322678127919110,15619,3972
823269594223824897,0,9782
822975315408461824,17207,3406
822872901745569793,130592,42700
822859134160621569,13153,2248
822647212903690241,0,6347
822610361945911296,14702,2927
822489057087389700,18024,6347
822462944365645825,27769,14114
822244816520155136,34729,9782
822163064745328640,0,4708
821886076407029760,11246,2282
821813639212650496,0,3347
821765923262631936,8355,1637
821522889702862852,7980,1741
821421320206483457,0,5518
821407182352777218,11681,4296
821153421864615936,256,10
821149554670182400,8583,1951
821107785811234820,9540,2117
821044531881721856,12597,2254
820837357901512704,0,6655
820749716845686786,31367,9788
820690176645140481,12156,3201
820494788566847489,0,561
820446719150292993,0,2550
820314633777061888,3327,561
820078625395449857,19701,6228
820013781606658049,0,1165
819952236453363712,5299,1165
819924195358416896,12846,4846
819711362133872643,13299,3082
819588359383371776,9603,1975
819347104292290561,7180,1193
819238181065359361,2250,404
819227688460238848,22950,6655
819015337530290176,0,36611
819015331746349057,0,18855
819006400881917954,45098,18855
819004803107983360,86593,36611
818646164899774465,0,20817
818627210458333184,22294,7490
818614493328580609,9785,2530
818588835076603904,0,6080
818536468981415936,10827,2433
818307523543449600,0,8005
818259473185828864,10958,2241
818145370475810820,12200,2552
817908911860748288,4824,796
817827839487737858,51373,26886
817777686764523521,10708,2667
817536400337801217,11723,2937
817502432452313088,0,3362
817423860136083457,33646,14586
817415592588222464,5567,938
817181837579653120,0,8412
817171292965273600,8726,2010
817120970343411712,12175,2580
817056546584727552,8558,1634
816829038950027264,0,4694
816816676327063552,9961,2029
816697700272001025,9737,2169
816450570814898180,30316,8005
816336735214911488,8571,1934
816091915477250048,8897,2125
816062466425819140,0,1012
816014286006976512,0,5233
815990720817401858,4932,1012
815966073409433600,22319,8412
815745968457060357,0,4106
815736392542261248,9819,2246
815639385530101762,8206,1643
815390420867969024,10330,3795
814986499976527872,7630,1272
814638523311648768,11225,2687
814578408554463233,0,5810
814530161257443328,8613,1850
814153002265309185,28696,8635
813944609378369540,0,3176
813910438903693312,9281,1858
813812741911748608,36354,13918
813800681631023104,8302,1750
813217897535406080,18618,7267
813202720496779264,9224,1812
813187593374461952,19825,4339
813172488309972993,9253,1914
813157409116065792,7768,2200
813142292504645637,8470,2375
813130366689148928,4474,446
813127251579564032,11809,3121
813112105746448384,10286,2729
813096984823349248,10573,3622
813081950185472002,9878,2776
813066809284972545,7934,1952
813051746834595840,20962,7341
812781120811126785,7556,1900
812709060537683968,6605,1435
812503143955202048,6056,1213
812466873996607488,7961,1932
812372279581671427,13649,3650
811985624773361665,7258,1397
811744202451197953,7530,1588
811647686436880384,5602,740
811627233043480576,12763,3073
811386762094317568,20898,6375
810984652412424192,5324,1438
810896069567610880,8995,1761
810657578271330305,10955,2636
810284430598270976,35189,11217
810254108431155201,14675,3372
809920764300447744,15555,3936
809808892968534016,0,4884
809448704142938112,6934,1466
809220051211603969,19920,5593
809084759137812480,13223,3525
808838249661788160,10122,3032
808733504066486276,7894,2161
808501579447930884,11315,2597
808344865868283904,42554,20817
808134635716833280,0,5906
808106460588765185,8809,2213
808001312164028416,12527,3536
807621403335917568,14593,3613
807106840509214720,118198,55257
807059379405148160,0,7335
807010152071229440,13093,3865
806629075125202948,74624,34583
806620845233815552,0,5530
806576416489959424,4891,1955
806542213899489280,10223,2356
806242860592926720,0,11603
806219024703037440,6446,1195
805958939288408065,0,5368
805932879469572096,8281,1925
805826884734976000,6560,1819
805823200554876929,0,8002
805520635690676224,5759,1657
805487436403003392,8802,2533
805207613751304193,7843,1716
804738756058218496,13715,3817
804475857670639616,6135,2010
804413760345620481,0,3238
804026241225523202,44449,16097
803773340896923648,10074,2746
803692223237865472,0,7435
803638050916102144,10961,4151
803380650405482500,7768,1876
803321560782307329,0,5324
803276597545603072,10035,2454
802952499103731712,9020,1996
802624713319034886,0,2918
802600418706604034,7106,1467
802572683846291456,8948,2502
802323869084381190,16186,5820
802265048156610565,6756,1376
802239329049477120,9080,2627
802185808107208704,0,273
801958328846974976,7758,1721
801854953262350336,1790,236
801538201127157760,8235,2067
801285448605831168,6066,818
801167903437357056,24485,5906
801127390143516673,0,3956
801115127852503040,8072,2105
800859414831898624,688,98
800855607700029440,0,1614
800751577355128832,10580,2799
800513324630806528,13143,2986
800459316964663297,9516,2176
800443802682937345,0,4324
800388270626521089,11159,2809
800188575492947969,0,3944
800141422401830912,15292,2550
800018252395122689,28386,13155
799774291445383169,0,4682
799757965289017345,8399,2172
799422933579902976,8080,1928
799308762079035393,0,5461
799297110730567681,9881,2755
799063482566066176,8084,2478
798933969379225600,13089,4454
798925684722855936,7520,1441
798705661114773508,0,6644
798701998996647937,0,7772
798697898615730177,0,6522
798694562394996736,0,4948
798686750113755136,0,2336
798682547630837760,0,4744
798673117451325440,0,5557
798665375516884993,0,3905
798644042770751489,0,1854
798628517273620480,0,1978
798585098161549313,0,5683
798576900688019456,0,5836
798340744599797760,0,3334
798209839306514432,10438,2566
797971864723324932,11592,3109
797545162159308800,14568,4875
797236660651966464,19979,6569
797165961484890113,226,26
796904159865868288,0,8919
796865951799083009,7685,1927
796759840936919040,11828,3028
796563435802726400,0,7252
796484825502875648,7581,1760
796387464403357696,11003,4131
796177847564038144,0,14278
796149749086875649,32256,14278
796125600683540480,4975,1807
796116448414461957,9103,2412
796080075804475393,8459,2308
796031486298386433,10804,3721
795464331001561088,49602,23548
795400264262053889,10057,2868
795076730285391872,16217,5438
794983741416415232,0,3371
794926597468000259,10254,2306
794355576146903043,0,10270
794332329137291264,9612,2684
794205286408003585,9231,3317
793962221541933056,16841,4884
793845145112371200,9223,1860
793614319594401792,0,3128
793601777308463104,7984,1618
793500921481273345,10684,2369
793286476301799424,24616,9155
793271401113350145,8710,2391
793256262322548741,19996,8331
793241302385262592,10520,3294
793226087023144960,9827,2884
793210959003287553,8927,2792
793195938047070209,15267,5624
793180763617361921,6938,1997
793165685325201412,9387,2782
793150605191548928,6184,1704
793135492858580992,6408,2496
793120401413079041,12663,3922
792913359805018113,14339,3982
792883833364439040,11312,4266
792773781206999040,7360,1679
792394556390137856,13429,4294
792050063153438720,7150,1792
791821351946420224,0,21076
791784077045166082,0,9553
791780927877898241,0,3817
791774931465953280,45118,22154
791672322847637504,11748,3128
791406955684368384,13150,4106
791312159183634433,8775,2533
791026214425268224,0,4088
790987426131050500,9826,2133
790946055508652032,16662,4694
790723298204217344,0,2307
790698755171364864,8215,1924
790581949425475584,20665,7125
790337589677002753,7819,1880
790277117346975746,12562,3176
790227638568808452,0,3561
789986466051088384,9249,2307
789960241177853952,0,4115
789903600034189313,10339,4131
789628658055020548,7490,1766
789599242079838210,6750,1924
789530877013393408,11726,3371
789314372632018944,8654,2297
789280767834746880,0,4912
789268448748703744,9124,2604
789137962068021249,9721,2787
788908386943430656,27429,12465
788765914992902144,27327,10270
788552643979468800,0,7155
788412144018661376,15543,5253
788178268662984705,7230,2096
788150585577050112,6114,1279
788070120937619456,0,3430
788039637453406209,6124,1312
787810552592695296,8611,3045
787717603741622272,10264,2768
787397959788929025,10877,2842
787322443945877504,7767,1739
787111942498508800,0,6735
786963064373534720,26637,7960
786729988674449408,0,2421
786709082849828864,18207,6100
786664955043049472,10575,2540
786595970293370880,9441,3119
786363235746385920,10873,3484
786286427768250368,7963,2825
786233965241827333,15213,4708
786051337297522688,1424,154
786036967502913536,0,6986
785927819176054784,11370,3173
785872687017132033,6689,1805
785639753186217984,7845,2236
785533386513321988,9093,1989
785515384317313025,6113,1255
785264754247995392,7251,1617
785170936622350336,11998,4808
784826020293709826,10096,3238
784517518371221505,8956,2524
784431430411685888,5704,1265
784183165795655680,20015,8002
784057939640352768,29697,11043
783839966405230592,29931,10725
783821107061198850,7347,1960
783695101801398276,10448,3195
783466772167098368,8429,2230
783391753726550016,16842,5438
783347506784731136,0,5508
783334639985389568,29055,11603
783085703974514689,8137,2190
782969140009107456,24057,7335
782747134529531904,7442,1405
782722598790725632,17203,5368
782598640137187329,7760,1870
782305867769217024,16578,5518
782021823840026624,0,6159
781955203444699136,11093,3348
781661882474196992,10391,2703
781655249211752448,3978,1124
781524693396357120,20669,5530
781308096455073793,7117,2541
781251288990355457,8394,2069
781163403222056960,9763,2739
780931614150983680,21541,7252
780858289093574656,7158,1996
780800785462489090,5457,1296
780601303617732608,12051,3347
780543529827336192,6269,1739
780496263422808064,0,3656
780476555013349377,0,112
780459368902959104,5273,1070
780192070812196864,8672,2226
780092040432480260,0,2285
780074436359819264,12109,4920
779834332596887552,18781,6986
779377524342161408,8749,3097
779124354206535695,0,18133
779056095788752897,14671,4501
778990705243029504,19839,7138
778774459159379968,0,9802
778764940568104960,863,360
778748913645780993,6854,1296
778650543019483137,5727,1486
778624900596654080,4609,1004
778408200802557953,13552,4284
778396591732486144,0,12108
778383385161035776,5797,1092
778286810187399168,10306,3259
778039087836069888,8451,2616
778027034220126208,6512,1592
777953400541634568,0,3497
777885040357281792,6308,1615
777684233540206592,11158,2918
777641927919427584,0,4197
777621514455814149,8677,2485
777189768882946048,14179,4270
776819012571455488,0,13553
776813020089548800,4847,1198
776477788987613185,8773,2747
776249906839351296,0,9024
776218204058357768,29660,15690
776201521193218049,9546,2502
776113305656188928,11687,4324
776088319444877312,1824,151
775898661951791106,0,16367
775842724423557120,11626,2631
775733305207554048,13782,3956
775729183532220416,12904,4554
775364825476165632,7337,2929
775350846108426240,10094,3871
775085132600442880,15439,4682
774757898236878852,8543,1772
774639387460112384,6680,1715
774314403806253056,21613,5461
773985732834758656,10646,3826
773922284943896577,6345,1736
773704687002451968,6543,1613
773670353721753600,5309,1297
773547596996571136,21950,6080
773336787167145985,0,5009
773308824254029826,23118,7407
773247561583001600,9393,3227
773191612633579521,9899,4070
772877495989305348,8484,3830
772826264096874500,7972,2327
772615324260794368,0,3350
772581559778025472,6433,1683
772193107915964416,5988,1373
772152991789019136,3771,1121
772117678702071809,3744,735
772114945936949249,2706,465
772102971039580160,3962,933
771908950375665664,6524,1877
771770456517009408,11894,3334
771500966810099713,8188,2579
771380798096281600,10383,5009
771171053431250945,0,7355
771136648247640064,9066,2890
771102124360998913,6182,1424
771014301343748096,6817,1637
770787852854652928,4886,1189
770772759874076672,5124,1404
770655142660169732,7275,1751
770414278348247044,6279,2079
770293558247038976,6167,1452
770093767776997377,0,3014
770069151037685760,7526,2271
769940425801170949,31014,9435
769695466921623552,6359,1664
769335591808995329,0,7637
769212283578875904,5344,1697
768970937022709760,14202,6418
768909767477751808,0,2632
768855141948723200,4148,874
768609597686943744,4076,1179
768596291618299904,4994,1270
768554158521745409,0,5760
768473857036525572,13497,3371
768193404517830656,10755,3497
767884188863397888,4705,1362
767754930266464257,15855,5324
767500508068192258,7427,2315
767191397493538821,12185,3708
767122157629476866,10085,2822
766864461642756096,0,5558
766793450729734144,5000,1340
766714921925144576,2592,374
766693177336135680,3969,783
766423258543644672,5934,1563
766313316352462849,6717,1868
766078092750233600,0,2584
766069199026450432,4180,841
766008592277377025,3702,492
765719909049503744,7150,2130
765669560888528897,5132,1214
765395769549590528,26367,3345
765371061932261376,6991,2140
765222098633691136,11510,3350
764857477905154048,6378,1758
764259802650378240,5952,1483
763956972077010945,755,54
763837565564780549,12427,4088
763183847194451968,5321,1450
763167063695355904,0,2958
763103485927849985,7287,2272
762699858130116608,11988,3561
762471784394268675,11093,6321
762464539388485633,10176,4115
762316489655476224,4749,1103
762035686371364864,31474,15327
761976711479193600,5337,1981
761750502866649088,0,3852
761745352076779520,4223,853
761672994376806400,48871,28625
761599872357261312,4081,1180
761371037149827077,0,17786
761334018830917632,5136,1433
761292947749015552,4432,1072
761227390836215808,5262,1545
761004547850530816,11186,3430
760893934457552897,3767,958
760656994973933572,6510,1882
760641137271070720,4921,1277
760539183865880579,7468,3561
760521673607086080,4163,1369
760290219849637889,26464,11286
760252756032651264,3902,857
760190180481531904,5625,1770
760153949710192640,0,30
759943073749200896,5878,2043
759923798737051648,14503,5558
759846353224826880,6650,1934
759793422261743616,5875,1876
759557299618865152,4626,1168
759447681597108224,8370,2421
759446261539934208,1650,478
759197388317847553,5996,1913
759159934323924993,0,1135
759099523532779520,14320,4090
759047813560868866,6409,1976
758854675097526272,3506,884
758828659922702336,11064,3775
758740312047005698,5667,1593
758474966123810816,3750,987
758467244762497024,4730,2177
758405701903519748,5141,1877
758355060040593408,3345,1042
758099635764359168,18800,9802
758041019896193024,2663,368
757741869644341248,6782,3198
757729163776290825,0,7762
757725642876129280,4477,1191
757611664640446465,4503,1090
757597904299253760,0,296
757596066325864448,4264,1038
757400162377592832,14918,6730
757393109802180609,5730,1708
757354760399941633,4463,1397
756998049151549440,6186,1954
756939218950160384,6549,1968
756651752796094464,4971,1275
756526248105566208,10263,3510
756303284449767430,3874,1089
756288534030475264,43389,17380
756275833623502848,6312,1505
755955933503782912,7204,2828
755206590534418437,16188,5261
755110668769038337,20881,10890
754874841593970688,0,7759
754856583969079297,6810,2469
754747087846248448,2550,511
754482103782404096,5211,1919
754449512966619136,3686,722
754120377874386944,7772,2317
753655901052166144,5756,2133
753420520834629632,7781,3487
753398408988139520,5668,1869
753375668877008896,7529,2285
753298634498793472,0,5579
753294487569522689,3315,1021
753039830821511168,36549,20480
753026973505581056,3870,945
752932432744185856,12433,6735
752917284578922496,6838,1546
752701944171524096,0,2803
752682090207055872,5923,1564
752660715232722944,4314,1528
752568224206688256,5404,2234
752519690950500352,7258,3385
752334515931054080,3763,1075
752309394570878976,0,15912
752173152931807232,5864,1800
751950017322246144,3021,894
751937170840121344,5105,1299
751830394383790080,5717,1907
751793661361422336,5725,2843
751598357617971201,7802,2988
751583847268179968,4322,1075
751538714308972544,4958,1235
751456908746354688,3168,983
751251247299190784,12319,5762
751205363882532864,6220,1778
751132876104687617,4985,1278
750868782890057730,4710,1336
750719632563142656,12947,4912
750506206503038976,4383,1123
750429297815552001,12959,4197
750383411068534784,4496,1129
750381685133418496,681,27
750147208377409536,3054,939
750132105863102464,3553,1265
750117059602808832,4265,1282
750101899009982464,2994,825
750086836815486976,2133,523
750071704093859840,7705,3249
750056684286914561,3114,880
750041628174217216,3117,600
750026558547456000,2679,770
750011400160841729,3188,886
749996283729883136,3013,801
749981277374128128,5034,2415
749774190421639168,4588,1298
749417653287129088,5998,1616
749403093750648834,2573,522
749395845976588288,8415,3363
749317047558017024,5401,2193
749075273010798592,5662,2037
749064354620928000,4727,1500
749036806121881602,3043,777
748977405889503236,10583,3323
748932637671223296,5705,2201
748705597323898880,2732,932
748699167502000129,4667,1551
748692773788876800,4179,1305
748575535303884801,5955,1937
748568946752774144,2165,659
748346686624440324,5137,1210
748337862848962560,7493,4014
748324050481647620,3623,741
748307329658011649,3617,698
748220828303695873,13887,7604
747963614829678593,5677,2091
747933425676525569,6497,2490
747885874273214464,2885,947
747844099428986880,2773,731
747816857231626240,4757,1132
747651430853525504,1361,151
747648653817413632,12644,5722
747600769478692864,2288,548
747594051852075008,3602,1035
747512671126323200,5416,1578
747461612269887489,3801,1022
747439450712596480,5317,1870
747242308580548608,0,2843
747219827526344708,5157,1529
747204161125646336,3303,893
747103485104099331,9379,3866
746906459439529985,2850,290
746872823977771008,5867,2086
746818907684614144,5229,1702
746790600704425984,4773,1561
746757706116112384,9384,3817
746726898085036033,5927,1754
746542875601690625,4938,1841
746521445350707200,0,962
746507379341139972,4572,1061
746369468511756288,6068,1596
746131877086527488,6776,2140
746056683365994496,3505,793
745789745784041472,3949,1041
745712589599014916,6862,2278
745433870967832576,6937,2481
745422732645535745,8406,2369
745314880350101504,7021,2693
745074613265149952,7671,3393
745057283344719872,7110,2193
744995568523612160,2918,597
744971049620602880,7727,2623
744709971296780288,5492,1525
744334592493166593,6649,2054
744234799360020481,153077,75806
744223424764059648,1627,353
743980027717509120,4090,1070
743895849529389061,3585,944
743835915802583040,0,2017
743609206067040256,4383,1352
743595368194129920,17950,6355
743545585370791937,3460,920
743510151680958465,7767,3645
743253157753532416,4141,1193
743222593470234624,6070,1858
743210557239623680,3762,1331
742534281772302336,6917,3483
742528092657332225,4324,1915
742465774154047488,7113,3823
742423170473463808,9615,3656
742385895052087300,6660,1916
742161199639494656,4222,1332
742150209887731712,4999,1510
741793263812808706,4439,1469
741743634094141440,8001,2676
741438259667034112,3608,800
741303864243200000,8592,3126
741099773336379392,9759,5365
741067306818797568,9320,3014
740995100998766593,6207,2655
740711788199743490,3329,912
740699697422163968,2785,759
740676976021798912,17763,6644
740373189193256964,34253,12970
740365076218183684,2409,421
740359016048689152,3224,845
740214038584557568,6544,1915
739979191639244800,19482,5760
739932936087216128,3966,1053
739844404073074688,3718,836
739623569819336705,3681,1325
739606147276148736,5266,1609
739544079319588864,38579,20643
739485634323156992,6992,2851
739238157791694849,113188,56410
738891149612572673,105,6
738885046782832640,3684,1112
738883359779196928,3228,769
738537504001953792,4968,1487
738402415918125056,3179,805
738184450748633089,4224,1183
738166403467907072,8552,3253
738156290900254721,2443,622
737826014890496000,5138,1720
737800304142471168,9748,3360
737678689543020544,4917,1277
737445876994609152,9999,4321
737322739594330112,3521,787
737310737551491075,14304,7209
736736130620620800,4136,1679
736392552031657984,17261,7155
736365877722001409,3873,1203
736225175608430592,7901,2708
736010884653420544,7696,2891
735991953473572864,3506,1113
735648611367784448,3943,1075
735635087207878657,6007,2276
735274964362878976,12703,4874
735256018284875776,3247,853
735137028879360001,3057,948
734912297295085568,2683,513
734787690684657664,12212,6114
734776360183431168,2439,521
734559631394082816,1449,384
733828123016450049,3489,756
733822306246479872,3576,993
733482008106668032,3053,919
733460102733135873,4077,1239
733109485275860992,48988,16367
732732193018155009,2368,519
732726085725589504,3462,864
732585889486888962,3573,758
732375214819057664,7881,2439
732005617171337216,14496,5233
731285275100512256,3411,969
731156023742988288,3744,1227
730924654643314689,5991,1921
730573383004487680,4763,2073
730427201120833536,3399,1014
730211855403241472,3726,1030
730196704625098752,4714,1835
729854734790754305,3927,1089
729838605770891264,1686,368
729823566028484608,3875,1214
729463711119904772,5640,2248
729113531270991872,1832,309
728986383096946689,3069,797
728760639972315136,4547,1651
728751179681943552,2695,657
728653952833728512,3228,1009
728409960103686147,4774,1930
728387165835677696,3611,935
728046963732717569,4183,1168
728035342121635841,4442,1624
728015554473250816,4021,1076
727685679342333952,2882,618
727644517743104000,5719,1691
727524757080539137,4363,1181
727314416056803329,3250,719
727286334147182592,2979,792
727175381690781696,3815,1347
727155742655025152,3536,1287
726935089318363137,6694,2363
726887082820554753,3731,1476
726828223124897792,3479,976
726224900189511680,4308,1106
725842289046749185,6899,2584
725786712245440512,4071,1332
725729321944506368,5077,1723
725458796924002305,1382,594
724983749226668032,3643,1270
724771698126512129,2282,615
724405726123311104,5146,1607
724049859469295616,4224,1725
724046343203856385,2596,542
724004602748780546,4086,1493
723912936180330496,3788,1191
723688335806480385,7473,2843
723673163800948736,2938,862
723179728551723008,5162,1801
722974582966214656,3990,1522
722613351520608256,4846,1589
721503162398597120,4497,1772
721001180231503872,2469,594
720785406564900865,3031,744
720775346191278080,2405,640
720415127506415616,4028,1453
720389942216527872,6198,2427
720340705894408192,2798,946
720059472081784833,3763,1094
720043174954147842,4784,1943
719991154352222208,4705,1687
719704490224398336,4419,1381
719551379208073216,4925,1834
719367763014393856,2724,722
719339463458033665,4322,1195
719332531645071360,3344,918
718971898235854848,3394,1045
718939241951195136,5110,1700
718631497683582976,18368,7772
718613305783398402,2372,467
718540630683709445,2387,985
718460005985447936,2629,510
718454725339934721,4736,1471
718246886998687744,1862,481
718234618122661888,3771,959
717841801130979328,2390,588
717790033953034240,2800,1071
717537687239008257,5618,1787
717428917016076293,1577,433
717421804990701568,3079,814
717047459982213120,6123,1866
717009362452090881,3153,935
716802964044845056,4174,1136
716791146589110272,7977,1529
716730379797970944,1201,415
716447146686459905,12698,5677
716439118184652801,2322,203
716285507865542656,2698,1014
716080869887381504,6599,1847
715928423106027520,3114,853
715758151270801409,3624,1385
715733265223708672,4544,1639
715704790270025728,2710,554
715696743237730304,3816,1254
715680795826982913,4179,1560
715360349751484417,5324,1514
715342466308784130,2971,668
715220193576927233,2364,629
715200624753819648,5008,1817
715009755312439296,4043,1187
714982300363173890,3635,1006
714962719905021952,7162,4122
714957620017307648,4036,1368
714631576617938945,3197,962
714606013974974464,3535,900
714485234495041536,2600,1090
714258258790387713,2959,706
714251586676113411,3183,810
714214115368108032,2219,845
714141408463036416,4209,1356
713919462244790272,3210,771
713909862279876608,1847,522
713900603437621249,2769,712
713761197720473600,4735,1330
713411074226274305,4314,1263
713177543487135744,7035,2768
713175907180089344,4340,1434
712809025985978368,18545,6522
712717840512598017,11984,4808
712668654853337088,4071,1179
712438159032893441,5181,1518
712309440758808576,231,25
712097430750289920,3676,1004
712092745624633345,2865,859
712085617388212225,3195,474
712065007010385924,2200,603
711998809858043904,0,123
711968124745228288,7837,2233
711743778164514816,2766,963
711732680602345472,8600,3968
711694788429553666,32009,17786
711652651650457602,3759,888
711363825979756544,3542,1100
711306686208872448,3215,716
711008018775851008,2924,594
710997087345876993,4457,1343
710844581445812225,2478,663
710833117892898816,2618,516
710658690886586372,2251,545
710609963652087808,4677,2304
710588934686908417,4416,1808
710296729921429505,2320,717
710283270106132480,2100,508
710272297844797440,4418,1212
710269109699739648,2332,1085
710153181850935296,2834,868
710140971284037632,2680,854
710117014656950272,5320,1925
709918798883774466,3415,1058
709901256215666688,644,99
709852847387627521,3425,1167
709566166965075968,3463,1165
709556954897764353,3205,1039
709519240576036864,1459,231
709449600415961088,2157,555
709409458133323776,2547,659
709225125749587968,2363,560
709207347839836162,12180,5602
709198395643068416,2384,623
709179584944730112,1955,651
709158332880297985,1989,405
709042156699303936,4612,1580
708853462201716736,1763,642
708845821941387268,2907,874
708834316713893888,1646,489
708810915978854401,16042,6726
708738143638450176,2689,788
708711088997666817,2467,696
708479650088034305,2480,663
708469915515297792,3026,795
708400866336894977,15558,9769
708356463048204288,3493,1279
708349470027751425,2300,718
708149363256774660,4185,1511
708130923141795840,3299,831
708119489313951744,2630,956
708109389455101952,1896,538
708026248782585858,4283,1873
707995814724026368,3056,1097
707983188426153984,49,2
707969809498152960,2629,933
707776935007539200,3197,927
707741517457260545,2429,593
707738799544082433,3982,2395
707693576495472641,3307,962
707629649552134146,2507,843
707610948723478529,16545,6159
707420581654872064,2208,674
707411934438625280,2242,581
707387676719185920,3411,1248
707377100785885184,3195,1060
707315916783140866,2415,622
707297311098011648,2711,760
707059547140169728,2536,655
707038192327901184,2133,763
707021089608753152,3982,1314
707014260413456384,2261,582
706904523814649856,14208,7637
706901761596989440,1999,567
706681918348251136,3221,949
706644897839910912,2511,1056
706593038911545345,2107,613
706538006853918722,3390,1389
706516534877929472,3045,1007
706346369204748288,3374,903
706310011488698368,20763,7691
706291001778950144,1668,465
706265994973601792,2671,910
706169069255446529,3813,2142
706166467411222528,5031,1557
706153300320784384,1450,375
705975130514706432,3029,710
705970349788291072,3109,869
705898680587526145,2310,538
705786532653883392,1885,503
705591895322394625,3098,1118
705475953783398401,2894,887
705442520700944385,4316,1573
705428427625635840,3716,1629
705239209544720384,2929,733
705223444686888960,2537,778
705102439679201280,2091,504
705066031337840642,2140,604
704871453724954624,4180,1092
704859558691414016,2199,523
704847917308362754,4954,1481
704819833553219584,2579,952
704761120771465216,6487,2843
704499785726889984,2845,990
704491224099647488,733,76
704480331685040129,3312,1039
704364645503647744,7798,3455
704347321748819968,1543,340
704134088924532736,1472,444
704113298707505153,1811,557
704054845121142784,2849,892
703774238772166656,1794,442
703769065844768768,3193,1110
703631701117943808,2512,657
703611486317502464,3742,1487
703425003149250560,3720,1327
703407252292673536,2378,675
703382836347330562,3417,1114
703356393781329922,1868,374
703268521220972544,1934,532
703079050210877440,7205,2994
703041949650034688,25701,12108
702932127499816960,2521,700
702899151802126337,1581,442
702684942141153280,3154,1043
702671118226825216,2145,545
702598099714314240,11946,3349
702539513671897089,2811,932
702332542343577600,3110,1509
702321140488925184,3204,1015
702276748847800320,2413,753
702217446468493312,4674,1307
701981390485725185,3365,962
701952816642965504,3759,1000
701889187134500865,3459,1351
701805642395348998,3328,1622
701601587219795968,2047,440
701570477911896070,2749,907
701545186879471618,2606,594
701214700881756160,11905,4948
700890391244103680,2170,553
700864154249383937,2543,606
700847567345688576,2401,490
700796979434098688,2380,916
700747788515020802,22290,9024
700518061187723268,2547,776
700505138482569216,2243,552
700462010979500032,4023,1736
700167517596164096,2569,711
700151421916807169,2190,653
700143752053182464,7346,2632
700062718104104960,2583,671
700029284593901568,2026,571
700002074055016451,3231,1304
699801817392291840,2973,925
699788877217865730,2182,498
699779630832685056,2674,1202
699775878809702401,1917,586
699691744225525762,10049,4478
699446877801091073,5815,2547
699434518667751424,2125,502
699423671849451520,1330,317
699413908797464576,2037,613
699370870310113280,1851,428
699323444782047232,3083,837
699088579889332224,2203,614
699079609774645248,2390,636
699072405256409088,2900,1155
699060279947165696,3651,1752
699036661657767936,2548,1173
698989035503689728,3270,949
698953797952008193,2620,889
698907974262222848,2485,606
698710712454139905,2407,662
698703483621523456,1418,366
698635131305795584,1265,334
698549713696649216,2270,609
698355670425473025,1807,434
698342080612007937,2225,937
698262614669991936,4658,1945
698195409219559425,16392,5810
698178924120031232,2752,721
697995514407682048,1490,327
697990423684476929,3212,1262
697943111201378304,2337,657
697881462549430272,2948,1136
697630435728322560,1708,528
697616773278015490,3086,986
697596423848730625,2948,1228
697575480820686848,1999,486
697516214579523584,2003,1085
697482927769255936,2362,650
697463031882764288,3347,1367
697270446429966336,4596,1831
697259378236399616,3227,978
697255105972801536,2987,1124
697242256848379904,2462,649
696900204696625153,3095,998
696894894812565505,2294,669
696886256886657024,4738,1750
696877980375769088,2394,692
696754882863349760,1452,355
696744641916489729,2026,906
696713835009417216,2319,629
696518437233913856,3815,1671
696490539101908992,1187,139
696488710901260288,2457,990
696405997980676096,3125,1128
696100768806522880,1884,632
695816827381944320,2946,1132
695794761660297217,3092,749
695767669421768709,1812,719
695629776980148225,4468,2038
695446424020918272,4300,1766
695409464418041856,8485,3483
695314793360662529,3546,1411
695095422348574720,2580,595
695074328191332352,2777,1066
695064344191721472,1565,577
695051054296211456,2599,770
694925794720792577,2633,895
694905863685980160,2681,912
694669722378485760,34996,13966
694356675654983680,1472,280
694352839993344000,1985,598
694342028726001664,1547,476
694329668942569472,1953,489
694206574471057408,4074,1986
694183373896572928,2880,904
694001791655137281,3327,997
693993230313091072,1840,393
693942351086120961,1706,357
693647888581312512,2617,568
693644216740769793,1321,121
693642232151285760,2483,402
693629975228977152,2391,774
693622659251335168,1504,362
693590843962331137,4932,1900
693582294167244802,1608,239
693486665285931008,1732,616
693280720173801472,3276,1205
693267061318012928,2327,791
693262851218264065,2157,484
693231807727280129,2810,721
693155686491000832,7709,3130
693109034023534592,1673,594
693095443459342336,1811,446
692919143163629568,2620,733
692905862751522816,2372,847
692901601640583168,1721,587
692894228850999298,2211,775
692828166163931137,2803,862
692752401762250755,6660,3539
692568918515392513,4263,1492
692535307825213440,3084,1325
692530551048294401,1792,403
692423280028966913,1445,220
692417313023332352,9154,3362
692187005137076224,2476,791
692158366030913536,2102,769
692142790915014657,1610,384
692041934689402880,3321,1234
692017291282812928,2825,927
691820333922455552,3873,1604
691793053716221953,7960,4112
691756958957883396,2781,969
691675652215414786,1911,495
691483041324204033,2329,549
691459709405118465,3958,1110
691444869282295808,2585,828
691416866452082688,18876,7435
691321916024623104,2516,639
691096613310316544,2895,859
691090071332753408,1686,325
690989312272396288,5770,2794
690959652130045952,3498,1214
690938899477221376,3994,1891
690932576555528194,3206,986
690735892932222976,3695,1227
690728923253055490,2126,505
690690673629138944,2272,801
690649993829576704,1271,266
690607260360429569,291,18
690597161306841088,1907,585
690400367696297985,1845,436
690374419777196032,3180,823
690360449368465409,2610,858
690348396616552449,1471,501
690248561355657216,1639,404
690021994562220032,2733,997
690015576308211712,2433,714
690005060500217858,3583,1634
689999384604450816,1383,358
689993469801164801,1423,438
689977555533848577,1340,435
689905486972461056,2390,684
689877686181715968,2970,1128
689835978131935233,2119,728
689661964914655233,3154,907
689659372465688576,10135,3744
689623661272240129,2175,625
689599056876867584,11386,5357
689557536375177216,2004,444
689517482558820352,3317,1391
689289219123089408,2202,909
689283819090870273,3185,1064
689280876073582592,1941,688
689275259254616065,1117,238
689255633275777024,2498,1057
689154315265683456,3014,970
689143371370250240,1977,492
688916208532455424,2655,838
688908934925697024,2063,742
688898160958271489,2045,760
688894073864884227,2186,666
688828561667567616,1350,360
688804835492233216,946,188
688789766343622656,2171,644
688547210804498433,2542,680
688519176466644993,2270,711
688385280030670848,9071,4350
688211956440801280,2188,808
688179443353796608,2085,571
688116655151435777,2767,752
688064179421470721,1693,352
687841446767013888,5350,2432
687826841265172480,2687,1094
687818504314159109,2427,927
687807801670897665,2344,695
687732144991551489,1717,643
687704180304273409,2380,819
687664829264453632,1893,500
687494652870668288,1854,562
687480748861947905,1567,232
687476254459715584,1939,518
687460506001633280,2013,532
687399393394311168,1851,601
687317306314240000,19693,8919
687312378585812992,4262,1847
687127927494963200,5300,2211
687124485711986689,2132,493
687109925361856513,5662,2387
687102708889812993,2295,947
687096057537363968,2187,590
686947101016735744,8447,3103
686760001961103360,3438,1347
686749460672679938,3401,1413
686730991906516992,4040,1166
686683045143953408,2763,780
686618349602762752,3616,1324
686606069955735556,1847,527
686394059078897668,1702,669
686386521809772549,3183,860
686377065986265092,2155,552
686358356425093120,2134,649
686286779679375361,3919,1623
686050296934563840,2167,707
686035780142297088,1122,112
686034024800862208,3004,1112
686007916130873345,2423,399
686003207160610816,1787,607
685973236358713344,2051,509
685943807276412928,1590,578
685906723014619143,7327,2784
685681090388975616,1983,119
685667379192414208,2306,548
685663452032069632,3158,1415
685641971164143616,2860,753
685547936038666240,32123,15146
685532292383666176,2958,1126
685325112850124800,9224,3852
685321586178670592,2587,616
685315239903100929,3216,1011
685307451701334016,2027,427
685268753634967552,3022,1170
685198997565345792,2284,652
685169283572338688,4021,1394
684969860808454144,2334,358
684959798585110529,6656,3038
684940049151070208,3135,1015
684926975086034944,3409,451
684914660081053696,3419,1413
684902183876321280,1822,512
684880619965411328,2037,788
684830982659280897,34224,21077
684800227459624960,2676,980
684594889858887680,8698,3411
684588130326986752,4015,1374
684567543613382656,2940,1176
684538444857667585,2594,923
684481074559381504,3793,1139
684460069371654144,1927,543
684241637099323392,7926,3175
684225744407494656,1206,201
684222868335505415,3737,1325
684200372118904832,2106,1012
684195085588783105,1859,494
684188786104872960,3413,1134
684177701129875456,1971,646
684147889187209216,2927,1480
684122891630342144,1964,460
684097758874210310,4008,1397
683857920510050305,3718,1089
683852578183077888,1888,337
683849932751646720,2551,925
683834909291606017,2558,1085
683828599284170753,2729,1038
683773439333797890,3262,1304
683742671509258241,6307,3210
683515932363329536,7154,2803
683498322573824003,3097,939
683481228088049664,2604,972
683462770029932544,2366,655
683449695444799489,3781,1570
683391852557561860,7457,2336
683357973142474752,2833,892
683142553609318400,2802,1012
683111407806746624,3324,885
683098815881154561,2118,638
683078886620553216,1948,547
683030066213818368,2118,724
682962037429899265,35833,15998
682808988178739200,1737,162
682788441537560576,2415,1079
682750546109968385,1489,425
682697186228989953,1288,354
682662431982772225,2984,1043
682638830361513985,2021,578
682429480204398592,3346,1120
682406705142087680,7375,1705
682393905736888321,2180,648
682389078323662849,1619,450
682303737705140231,2976,948
682259524040966145,4029,1159
682242692827447297,3146,1121
682088079302213632,17774,9553
682059653698686977,4820,1623
682047327939461121,3115,915
682032003584274432,6428,1938
682003177596559360,3042,1471
681981167097122816,2741,1005
681891461017812993,2412,792
681694085539872773,12500,3944
681679526984871937,1721,429
681654059175129088,2569,895
681610798867845120,1848,449
681579835668455424,3454,1260
681523177663676416,13914,5579
681340665377193984,1606,271
681339448655802368,9066,3966
681320187870711809,2575,718
681302363064414209,3829,1761
681297372102656000,3131,920
681281657291280384,3150,1069
681261549936340994,1424,263
681242418453299201,1447,512
681231109724700672,2348,467
681193455364796417,3603,1431
680970795137544192,2353,635
680959110691590145,4466,1944
680940246314430465,3108,1013
680934982542561280,2039,420
680913438424612864,2350,601
680889648562991104,1713,354
680836378243002368,3368,1281
680805554198020098,2095,647
680801747103793152,2322,799
680798457301471234,2767,1001
680609293079592961,2560,673
680583894916304897,3526,1285
680497766108381184,4130,1848
680494726643068929,1676,470
680473011644985345,2484,726
680440374763077632,1415,486
680221482581123072,1428,285
680206703334408192,2755,1124
680191257256136705,2089,482
680176173301628928,3796,1496
680161097740095489,2261,713
680145970311643136,3513,1689
680130881361686529,2229,908
680115823365742593,2656,874
680100725817409536,3487,1327
680085611152338944,12471,8704
680070545539371008,2517,830
679877062409191424,1937,630
679872969355714560,2139,646
679862121895714818,2386,597
679854723806179328,2773,1184
679844490799091713,2306,734
679828447187857408,35259,13553
679777920601223168,3027,1062
679736210798047232,2039,765
679729593985699840,2106,797
679722016581222400,1620,453
679530280114372609,4640,2015
679527802031484928,2564,698
679511351870550016,3267,1223
679503373272485890,3084,1417
679475951516934144,2037,620
679462823135686656,30616,18133
679405845277462528,2299,1160
679158373988876288,20649,7759
679148763231985668,2705,993
679132435750195208,2895,1113
679111216690831360,5802,2491
679062614270468097,16428,7762
679047485189439488,2178,640
679001094530465792,2753,1177
678991772295516161,2218,1110
678969228704284672,1588,439
678800283649069056,2495,863
678798276842360832,3355,1114
678774928607469569,2729,871
678767140346941444,3417,1309
678764513869611008,1587,454
678755239630127104,6867,3149
678740035362037760,3628,1594
678708137298427904,5416,2332
678675843183484930,2774,1402
678643457146150913,1982,385
678446151570427904,3874,1475
678424312106393600,5303,2442
678410210315247616,4067,1733
678399652199309312,77590,30646
678396796259975168,1547,399
678389028614488064,1809,405
678380236862578688,2356,870
678341075375947776,1678,513
678334497360859136,1260,237
678278586130948096,11060,5852
678255464182861824,1533,350
678023323247357953,1851,365
678021115718029313,13166,6077
677961670166224897,3306,1617
677918531514703872,1292,390
677895101218201600,4646,1985
677716515794329600,2944,942
677700003327029250,3270,1392
677698403548192770,1189,308
677687604918272002,2414,809
677673981332312066,3217,1441
677662372920729601,1880,910
677644091929329666,1792,773
677573743309385728,2061,674
677565715327688705,1258,442
677557565589463040,2372,1108
677547928504967168,6700,3526
677530072887205888,1031,220
677335745548390400,2933,1691
677334615166730240,1299,274
677331501395156992,1048,227
677328882937298944,3519,1441
677314812125323265,1585,514
677301033169788928,1186,388
677269281705472000,1907,678
677228873407442944,3431,1572
677187300187611136,2629,877
676975532580409345,2664,1021
676957860086095872,2163,778
676949632774234114,1255,379
676948236477857792,2077,826
676946864479084545,1672,351
676942428000112642,1996,715
676936541936185344,12256,4744
676916996760600576,2861,1732
676897532954456065,2165,700
676864501615042560,2009,672
676821958043033607,22044,14863
676819651066732545,1749,634
676811746707918848,1372,409
676776431406465024,4807,1939
676617503762681856,2764,914
676613908052996102,1036,192
676606785097199616,1826,414
676603393314578432,1117,366
676593408224403456,4380,2055
676590572941893632,885,116
676588346097852417,2217,746
676582956622721024,1146,262
676575501977128964,2470,1066
676533798876651520,1804,525
676496375194980353,1465,509
676470639084101634,11156,4467
676440007570247681,1653,630
676430933382295552,1342,323
676263575653122048,2000,515
676237365392908289,1158,271
676219687039057920,73479,29632
676215927814406144,1663,550
676191832485810177,2186,988
676146341966438401,1845,633
676121918416756736,2077,1113
676101918813499392,2717,1117
676098748976615425,2870,1348
676089483918516224,1255,417
675898130735476737,1544,541
675891555769696257,2035,816
675888385639251968,2277,910
675878199931371520,3995,1337
675870721063669760,1558,538
675853064436391936,2575,1223
675849018447167488,903,137
675845657354215424,2165,833
675822767435051008,1456,512
675820929667219457,999,225
675798442703122432,9813,3268
675781562965868544,1551,446
675740360753160193,1118,327
675710890956750848,1802,772
675707330206547968,1886,647
675706639471788032,617,90
675534494439489536,1761,389
675531475945709568,1128,362
675522403582218240,990,273
675517828909424640,1233,442
675501075957489664,16389,5557
675497103322386432,2997,1224
675489971617296384,1235,564
675483430902214656,1763,926
675432746517426176,1449,544
675372240448454658,1608,493
675362609739206656,1006,219
675354435921575936,31026,15912
675349384339542016,3741,2159
675334060156301312,2636,1218
675166823650848770,3392,1500
675153376133427200,5942,2432
675149409102012420,3563,1602
675147105808306176,898,219
675146535592706048,1120,277
675145476954566656,2033,844
675135153782571009,1241,449
675113801096802304,1851,742
675111688094527488,914,238
675109292475830276,2667,1065
675047298674663426,1008,304
675015141583413248,2570,1118
675006312288268288,929,209
675003128568291329,1489,437
674999807681908736,2130,1046
674805413498527744,820,338
674800520222154752,2869,806
674793399141146624,2381,1031
674790488185167872,1047,236
674788554665512960,772,197
674781762103414784,1911,1129
674774481756377088,1055,447
674767892831932416,1727,734
674764817387900928,753,224
674754018082705410,1297,415
674752233200820224,1388,438
674743008475090944,1321,519
674742531037511680,459,49
674739953134403584,1042,366
674737130913071104,613,82
674690135443775488,1091,447
674670581682434048,1531,609
674664755118911488,867,232
674646392044941312,1363,459
674644256330530816,987,258
674638615994089473,1603,553
674632714662858753,1429,544
674606911342424069,890,93
674468880899788800,5933,1913
674447403907457024,1011,341
674436901579923456,1057,368
674422304705744896,1359,509
674416750885273600,656,130
674410619106390016,1141,435
674394782723014656,1442,540
674372068062928900,809,300
674330906434379776,537,71
674318007229923329,1337,487
674307341513269249,10777,6545
674291837063053312,13941,5508
674271431610523648,1482,688
674269164442398721,868,216
674265582246694913,1548,791
674262580978937856,1246,426
674255168825880576,1389,512
674082852460433408,724,157
674075285688614912,940,267
674063288070742018,6048,2058
674053186244734976,3125,1213
674051556661161984,1379,462
674045139690631169,1332,601
674042553264685056,686,119
674038233588723717,1050,397
674036086168010753,812,193
674024893172875264,1680,1147
674019345211760640,1071,286
674014384960745472,1478,602
674008982932058114,1134,335
673956914389192708,1851,901
673919437611909120,1112,350
673906403526995968,3007,1540
673887867907739649,890,240
673716320723169284,2926,706
673715861853720576,3351,1935
673711475735838725,989,283
673709992831262724,794,252
673708611235921920,1018,269
673707060090052608,1043,368
673705679337693185,1195,386
673700254269775872,1356,533
673697980713705472,3749,1838
673689733134946305,1648,607
673688752737402881,1193,464
673686845050527744,1359,405
673680198160809984,1298,434
673662677122719744,1190,345
673656262056419329,686,221
673636718965334016,1044,338
673612854080196609,1513,674
673583129559498752,1132,338
673580926094458881,785,257
673576835670777856,1307,528
673363615379013632,974,285
673359818736984064,1367,629
673355879178194945,1420,536
673352124999274496,1578,508
673350198937153538,715,195
673345638550134785,2368,1182
673343217010679808,916,252
673342308415348736,1204,538
673320132811366400,12715,7355
673317986296586240,833,237
673295268553605120,7102,2958
673270968295534593,1016,343
673240798075449344,1354,667
673213039743795200,2108,787
673148804208660480,1604,587
672997845381865473,1863,667
672995267319328768,897,270
672988786805112832,925,269
672984142909456390,1197,513
672980819271634944,1719,948
672975131468300288,1580,846
672970152493887488,897,336
672968025906282496,1258,502
672964561327235073,1349,607
672902681409806336,1289,462
672898206762672129,854,396
672884426393653248,1454,790
672877615439593473,977,328
672834301050937345,1243,535
672828477930868736,1184,458
672640509974827008,925,296
672622327801233409,1220,453
672614745925664768,1157,543
672609152938721280,1046,363
672604026190569472,1046,375
672594978741354496,1258,574
672591762242805761,903,312
672591271085670400,678,176
672538107540070400,968,341
672523490734551040,592,157
672488522314567680,1048,404
672482722825261057,1064,558
672481316919734272,683,122
672475084225949696,1367,654
672466075045466113,1284,496
672272411274932228,6071,3136
672267570918129665,1405,575
672264251789176834,1069,313
672256522047614977,2669,1434
672254177670729728,1356,696
672248013293752320,1636,563
672245253877968896,646,144
672239279297454080,851,303
672231046314901505,1719,945
672222792075620352,747,198
672205392827572224,2132,1077
672169685991993344,968,344
672160042234327040,834,335
672139350159835138,1644,649
672125275208069120,2258,1072
672095186491711488,937,342
672082170312290304,894,344
672068090318987265,1219,475
671896809300709376,8037,3905
671891728106971137,1242,534
671882082306625538,3275,1297
671879137494245376,1337,619
671874878652489728,1185,516
671866342182637568,1059,458
671855973984772097,847,407
671789708968640512,6669,3227
671768281401958400,1127,461
671763349865160704,1580,843
671744970634719232,1278,713
671743150407421952,712,223
671735591348891648,1363,701
671729906628341761,8015,4055
671561002136281088,12043,6756
671550332464455680,855,196
671547767500775424,1271,548
671544874165002241,1851,978
671542985629241344,1031,529
671538301157904385,877,359
671536543010570240,1109,376
671533943490011136,964,541
671528761649688577,793,239
671520732782923777,1314,494
671518598289059840,890,275
671511350426865664,1499,656
671504605491109889,6591,3325
671497587707535361,868,420
671488513339211776,943,449
671486386088865792,546,183
671485057807351808,717,220
671390180817915904,1359,694
671362598324076544,1045,277
671357843010908160,376,146
671355857343524864,456,112
671347597085433856,898,394
671186162933985280,692,193
671182547775299584,1050,314
671166507850801152,823,321
671163268581498880,1548,1024
671159727754231808,342,74
671154572044468225,665,205
671151324042559489,627,140
671147085991960577,623,201
671141549288370177,1087,611
671138694582165504,871,374
671134062904504320,700,176
671122204919246848,3282,2338
671115716440031232,1291,723
671109016219725825,1075,406
670995969505435648,1038,269
670842764863651840,23281,8106
670840546554966016,548,180
670838202509447168,1047,644
670833812859932673,408,113
670832455012716544,688,199
670826280409919488,5190,3786
670823764196741120,729,173
670822709593571328,573,89
670815497391357952,2986,1435
670811965569282048,1064,251
670807719151067136,1099,456
670804601705242624,1840,892
670803562457407488,319,83
670797304698376195,693,218
670792680469889025,778,257
670789397210615808,622,223
670786190031921152,561,187
670783437142401025,782,355
670782429121134593,1450,717
670780561024270336,749,269
670778058496974848,316,69
670764103623966721,1023,391
670755717859713024,414,98
670733412878163972,905,475
670727704916926465,785,331
670717338665226240,1116,446
670704688707301377,729,345
670691627984359425,555,224
670679630144274432,707,261
670676092097810432,230,38
670668383499735048,10068,4657
670474236058800128,1419,687
670468609693655041,338,82
670465786746662913,918,507
670452855871037440,518,189
670449342516494336,1141,604
670444955656130560,6349,1854
670442337873600512,609,186
670435821946826752,998,479
670434127938719744,1333,600
670433248821026816,311,103
670428280563085312,1309,575
670427002554466305,491,148
670421925039075328,1231,593
670420569653809152,581,292
670417414769758208,537,302
670411370698022913,1899,827
670408998013820928,523,204
670403879788544000,405,142
670385711116361728,531,191
670374371102445568,704,250
670361874861563904,309,60
670338931251150849,404,101
670319130621435904,3670,1135
670303360680108032,408,123
670290420111441920,656,266
670093938074779648,968,307
670086499208155136,655,232
670079681849372674,2085,1140
670073503555706880,1472,734
670069087419133954,586,222
670061506722140161,711,310
670055038660800512,626,302
670046952931721218,611,160
670040295598354432,709,104
670037189829525505,559,256
670003130994700288,314,84
669993076832759809,304,76
669972011175813120,414,144
669970042633789440,285,51
669942763794931712,473,148
669926384437997569,357,89
669923323644657664,222,53
669753178989142016,755,370
669749430875258880,244,61
669684865554620416,479,82
669683899023405056,357,102
669682095984410625,331,125
669680153564442624,628,266
669661792646373376,764,400
669625907762618368,3314,1684
669603084620980224,898,337
669597912108789760,484,140
669583744538451968,1399,862
669573570759163904,411,129
669571471778410496,1491,943
669567591774625800,220,48
669564461267722241,369,112
669393256313184256,337,69
669375718304980992,1248,676
669371483794317312,462,165
669367896104181761,432,140
669363888236994561,587,213
669359674819481600,348,113
669354382627049472,2535,1187
669353438988365824,591,241
669351434509529089,406,169
669328503091937280,955,387
669327207240699904,538,113
669324657376567296,465,195
669216679721873412,1117,377
669214165781868544,410,149
669203728096960512,945,435
669037058363662336,615,288
669015743032369152,697,346
669006782128353280,545,227
669000397445533696,19686,5928
668994913074286592,414,209
668992363537309700,702,316
668989615043424256,630,308
668988183816871936,847,428
668986018524233728,517,151
668981893510119424,507,280
668979806671884288,750,326
668975677807423489,1228,540
668967877119254528,136,21
668960084974809088,661,227
668955713004314625,259,65
668932921458302977,244,53
668902994700836864,299,92
668892474547511297,376,137
668872652652679168,497,280
668852170888998912,423,149
668826086256599040,406,124
668815180734689280,521,242
668779399630725120,672,343
668655139528511488,491,203
668645506898350081,816,488
668643542311546881,816,482
668641109086707712,1001,501
668636665813057536,972,458
668633411083464705,2633,1480
668631377374486528,665,296
668627278264475648,296,102
668625577880875008,359,120
668623201287675904,1334,696
668620235289837568,185,36
668614819948453888,580,298
668587383441514497,1574,991
668567822092664832,226,49
668544745690562560,481,212
668542336805281792,427,196
668537837512433665,239,67
668528771708952576,438,204
668507509523615744,306,96
668496999348633600,381,121
668484198282485761,399,219
668480044826800133,429,134
668466899341221888,838,473
668297328638447616,592,274
668291999406125056,229,29
668286279830867968,474,127
668274247790391296,771,219
668268907921326080,519,215
668256321989451776,1212,553
668248472370458624,895,440
668237644992782336,5820,2631
668226093875376128,275,94
668221241640230912,486,182
668204964695683073,526,182
668190681446379520,609,186
668171859951755264,455,174
668154635664932864,467,289
668142349051129856,542,260
668113020489474048,629,218
667937095915278337,1170,738
667924896115245057,275,100
667915453470232577,198,51
667911425562669056,463,275
667902449697558528,805,355
667886921285246976,1750,996
667885044254572545,772,433
667878741721415682,372,109
667873844930215936,589,377
667866724293877760,2855,962
667861340749471744,230,74
667832474953625600,275,57
667806454573760512,989,452
667801013445750784,307,87
667793409583771648,655,308
667782464991965184,390,230
667773195014021121,217,48
667766675769573376,410,201
667728196545200128,357,143
667724302356258817,448,296
667550904950915073,0,31
667550882905632768,0,28
667549055577362432,5409,2092
667546741521195010,317,115
667544320556335104,806,490
667538891197542400,192,60
667534815156183040,767,489
667530908589760512,437,220
667524857454854144,1595,1043
667517642048163840,345,179
667509364010450944,6379,1978
667502640335572993,509,206
667495797102141441,492,246
667491009379606528,487,208
667470559035432960,236,89
667455448082227200,179,56
667453023279554560,294,81
667443425659232256,732,537
667437278097252352,422,218
667435689202614272,288,79
667405339315146752,435,207
667393430834667520,180,51
667369227918143488,343,151
667211855547486208,453,223
667200525029539841,574,240
667192066997374976,357,90
667188689915760640,696,367
667182792070062081,13365,5683
667177989038297088,178,50
667176164155375616,571,420
667174963120574464,231,72
667171260800061440,206,77
667165590075940865,2514,1040
667160273090932737,240,56
667152164079423490,44652,15608
667138269671505920,4283,2017
667119796878725120,312,121
667090893657276420,312,115
667073648344346624,375,109
667070482143944705,77,13
667065535570550784,158,41
667062181243039745,205,47
667044094246576128,175,44
667012601033924608,420,203
666996132027977728,226,81
666983947667116034,2378,904
666837028449972224,754,509
666835007768551424,196,74
666826780179869698,237,83
666817836334096384,476,232
666804364988780544,217,84
666786068205871104,703,442
666781792255496192,358,175
666776908487630848,323,156
666739327293083650,218,60
666701168228331520,399,198
666691418707132416,172,44
666649482315059201,1039,568
666644823164719104,217,73
666454714377183233,476,197
666447344410484738,95,18
666437273139982337,114,42
666435652385423360,152,45
666430724426358785,292,173
666428276349472768,150,73
666421158376562688,294,102
666418789513326592,112,41
666411507551481857,401,288
666407126856765440,99,31
666396247373291520,155,73
666373753744588802,171,78
666362758909284353,705,503
666353288456101888,193,64
666345417576210432,269,128
666337882303524864,180,81
666293911632134144,453,312
666287406224695296,133,57
666273097616637952,158,70
666268910803644416,95,32
666104133288665088,13335,5836
666102155909144576,70,11
666099513787052032,141,58
666094000022159362,153,66
666082916733198337,100,41
666073100786774016,288,141
666071193221509120,134,52
666063827256086533,439,192
666058600524156928,103,52
666057090499244032,261,121
666055525042405380,404,216
666051853826850816,1103,753
666050758794694657,123,51
666049248165822465,96,40
666044226329800704,266,125
666033412701032449,109,39
666029285002620928,120,41
666020888022790149,2360,453
